joints:
  joint_A1A2 : 0.21846014367186156
  joint_A3 : -0.8069737300274114
  joint_A4 : -0.1650736529743767
  joint_A5 : -0.08908878107360028
  joint_A6 : 0.029519803564770058
  joint_Head_roll : 0.00026173427764161197
  joint_Head_yaw : 0.0013135272686562638
  joint_Head : 0.5723155574085291
  joint_LAntenna : -0.002453728960324633
  joint_LEye : -0.004643254915867528
  joint_RAntenna : 0.002653956767393574
  joint_REye : -0.0004564965851049248
  joint_Rostrum : -0.10363284957436733
  joint_Haustellum : -0.008943727172967032
  joint_LFCoxa_roll : -0.014459294441199725
  joint_LFCoxa_yaw : 0.1506763651856406
  joint_LFCoxa : -0.789880258643274
  joint_LFFemur : -67.57373506986399
  joint_LFFemur_roll : -0.10095926849385913
  joint_LFTibia : 43.41127909530307
  joint_LFTarsus1 : -8.149394415284323
  joint_LFTarsus2 : -36.402722797423515
  joint_LFTarsus3 : 10.369788970568194
  joint_LFTarsus4 : -14.127686885522392
  joint_LFTarsus5 : -1.0001463375908914
  joint_LHCoxa : 1.2104426354333568
  joint_LHCoxa_yaw : 10.69658678149118
  joint_LHCoxa_roll : 137.6147129043548
  joint_LHFemur : -89.38329525236054
  joint_LHFemur_roll : -8.097307769798867
  joint_LHTibia : 65.7965836898687
  joint_LHTarsus1 : -6.055704595492672
  joint_LHTarsus2 : -33.61131174359785
  joint_LHTarsus3 : 2.9823782076557506
  joint_LHTarsus4 : -29.13891634723032
  joint_LHTarsus5 : -32.66680123551217
  joint_LHaltere_roll : 0.1600892466660107
  joint_LHaltere_yaw : 0.5451379001713288
  joint_LHaltere : 0.37692474022375355
  joint_LMCoxa : 2.0615638403776515
  joint_LMCoxa_yaw : 12.534912657408768
  joint_LMCoxa_roll : 101.88137481370443
  joint_LMFemur : -95.95693707631287
  joint_LMFemur_roll : -0.19534080978081847
  joint_LMTibia : 101.0596642359161
  joint_LMTarsus1 : -6.891833221136733
  joint_LMTarsus2 : -49.00679531729788
  joint_LMTarsus3 : -39.29125406688511
  joint_LMTarsus4 : 22.9605340951932
  joint_LMTarsus5 : -36.71301711192874
  joint_LWing_roll : -0.0009181363728491571
  joint_LWing_yaw : 0.007666345451130245
  joint_LWing : 0.13107426328818048
  joint_RFCoxa_roll : 0.06824252381150342
  joint_RFCoxa_yaw : -0.027652522761576103
  joint_RFCoxa : -0.07589164341686852
  joint_RFFemur : -75.10638587459752
  joint_RFFemur_roll : 0.021435915390630007
  joint_RFTibia : 51.350331169288935
  joint_RFTarsus1 : -9.86956643659287
  joint_RFTarsus2 : -3.15527623162139
  joint_RFTarsus3 : -23.59796914090528
  joint_RFTarsus4 : -15.320505647515853
  joint_RFTarsus5 : -0.29617299839121086
  joint_RHCoxa : 16.020107700341416
  joint_RHCoxa_yaw : -7.917740753826325
  joint_RHCoxa_roll : -139.89327262013938
  joint_RHFemur : -75.37435088662505
  joint_RHFemur_roll : -15.287777298628123
  joint_RHTibia : 65.58923263208715
  joint_RHTarsus1 : -21.98272090882326
  joint_RHTarsus2 : -22.135257965892627
  joint_RHTarsus3 : 2.047810366464948
  joint_RHTarsus4 : -46.99014487263748
  joint_RHTarsus5 : 44.51076094078212
  joint_RHaltere_roll : -0.15051986173758183
  joint_RHaltere_yaw : -0.16634345859583768
  joint_RHaltere : 0.14756148784530043
  joint_RMCoxa : 0.6602396437628356
  joint_RMCoxa_yaw : -6.046050062746582
  joint_RMCoxa_roll : -104.6230995031921
  joint_RMFemur : -105.21451777392465
  joint_RMFemur_roll : 0.11446637542072276
  joint_RMTibia : 98.99614155554471
  joint_RMTarsus1 : -1.9125087120067328
  joint_RMTarsus2 : -46.17387106345222
  joint_RMTarsus3 : -21.165569982947073
  joint_RMTarsus4 : 6.077448095636238
  joint_RMTarsus5 : 9.85933692286725
  joint_RWing_roll : 0.003199068466914467
  joint_RWing_yaw : -0.009758275213023679
  joint_RWing : 0.1297395296771384
